OFF
140 276 0

1.00538 24.1683 1423.39
4.0145 26.8588 1426.97
3.41931 21.4488 1425.35
1.09918 24.5435 1423.39
5.9444 26.5161 1425.45
5.42084 26.8375 1424.18
5.01935 27.2994 1424.62
3.04174 21.4305 1425.57
5.01977 25.269 1427.1
0.356297 24.7752 1426.43
2.23086 22.8546 1427.23
0.318883 25.0678 1424.78
3.48695 22.3157 1423.02
1.45722 25.3971 1427.31
2.00517 21.8966 1426.42
1.49286 25.1175 1423.29
1.95479 26.2404 1423.68
0.209117 23.9066 1426.32
1.72952 22.9684 1427.19
1.15294 22.4497 1426.61
1.91184 27.0867 1425.19
4.65178 27.4175 1424.57
2.26412 27.3007 1425.35
1.38813 22.8125 1426.99
4.73548 22.126 1425.37
0.98912 23.4647 1423.4
1.4196 23.24 1423.12
4.01031 23.4195 1427.23
5.99653 24.789 1426.09
2.91835 23.2144 1422.61
2.38439 25.329 1427.65
0.363777 25.4153 1425.36
5.32648 26.602 1423.8
3.02826 25.038 1427.73
1.51366 21.9962 1423.7
5.66389 26.9366 1425.12
4.90126 23.2368 1423.03
4.31035 21.8144 1425.29
1.56784 25.9851 1427.09
0.41486 23.9038 1426.64
3.36377 22.0836 1426.51
0.368596 25.377 1425.82
5.5267 26.7847 1425.98
2.39156 22.1441 1426.72
5.40322 22.68 1425.13
3.68873 26.9527 1423.67
4.25268 26.7812 1423.51
4.85335 26.2089 1423.23
5.93762 26.4557 1424.47
1.2158 21.6392 1424.68
4.45937 27.5304 1425.81
2.4974 21.2841 1424.55
1.53273 26.7018 1426.23
1.97314 24.2379 1422.8
2.76431 27.2291 1424.37
0.461169 24.47 1424.08
1.19668 23.9155 1427.29
3.22271 25.5899 1422.79
4.804 22.0875 1424.39
0.429595 22.883 1426.23
2.31047 23.974 1427.64
0 24.224 1425.45
5.85331 24.9699 1423.45
4.1818 22.0994 1426.05
4.69474 27.5304 1425.19
0.924725 26.2604 1425.66
2.8651 21.2827 1425.01
3.67809 21.5199 1424.23
3.50232 27.6577 1425.32
1.7844 27.0148 1425.75
2.91874 27.3114 1426.42
3.5825 21.7107 1425.88
1.01435 22.6388 1423.63
1.47127 24.2956 1423.07
1.80802 21.3999 1425.33
4.89405 27.0993 1424.1
1.84266 22.413 1426.87
2.39976 27.2669 1424.83
1.65871 26.639 1424.44
5.90571 25.8731 1426.14
3.33423 26.1019 1427.49
0.735807 24.4101 1423.71
0.92838 25.3564 1423.94
0.474275 23.6649 1423.93
1.35101 23.3642 1427.23
2.71843 21.7227 1426.22
3.62684 26.3201 1423.13
5.13686 22.9075 1426.06
0.862143 26.0114 1424.78
0.798532 23.1195 1426.79
0.873426 25.4121 1426.83
6.38945 25.1607 1424.84
5.82188 23.4031 1424.02
4.68466 21.9805 1424.88
4.00673 21.5825 1424.75
0.322889 23.4013 1426.38
0.063776 23.2131 1425.55
5.73676 26.3969 1424.02
6.15085 25.6224 1424.07
5.52052 25.856 1423.41
4.606 24.6411 1422.65
0.0941334 23.9115 1424.67
0.331776 22.7352 1424.55
4.22582 27.2276 1424.03
2.11821 25.8745 1427.42
2.41754 26.701 1427
3.1146 27.521 1424.85
2.48719 27.3512 1425.95
0.529493 22.2126 1425.37
2.11612 23.3921 1427.45
3.08869 23.5234 1427.51
3.88521 24.4694 1427.57
3.91135 27.5758 1424.72
4.16923 25.6865 1422.81
0.135191 24.8527 1425.53
3.6473 24.748 1422.52
1.87594 24.82 1422.96
2.27434 25.6903 1423.11
2.68684 24.831 1422.65
5.16163 27.277 1425.58
4.8298 27.1554 1426.28
5.03477 26.3446 1426.82
0.110826 24.4985 1425.96
2.8479 26.5546 1423.48
0.346148 24.3318 1426.55
0.840543 24.516 1427.08
0.605371 24.7626 1426.8
1.71889 23.8425 1427.49
1.66124 24.6913 1427.54
6.23034 24.6397 1424.08
6.21429 24.0188 1424.79
3.51751 27.3354 1424.22
0.938564 24.9166 1423.67
0.113968 23.4694 1425.99
0.620878 25.3946 1426.33
4.14506 22.2017 1423.71
5.00286 24.1039 1426.66
2.79773 22.4688 1426.87
1.20312 26.057 1426.53
3.68944 27.4209 1426.11
53 73 26
26 29 53
78 20 88
22 69 107
73 116 15
15 116 117
35 119 6
118 57 117
0 25 73
8 28 79
14 76 19
77 22 20
68 139 50
139 1 50
105 38 104
115 100 113
49 34 102
66 67 51
96 59 133
91 28 130
48 5 97
43 10 76
71 7 2
19 89 59
28 87 130
33 80 30
86 47 46
111 33 110
91 130  129
126 90 9
9 124 126
98 48 97
42 35 4
75 103 46
33 30 60
109 110 60
67 12 51
29 100 115
38 90 13
111 27 8
127 128 56
30 80 104
24 63 37
95 133 59
32 5 75
19 23 89
76 23 19
3 73 15
22 77 106
55 81 132
124 39 125
125 39 56
34 29 26
76 10 18
18 10 109
128 13 125
57 113 86
86 113 47
122 124 9
77 78 54
77 20 78
53 118 116
107 70 68
76 18 23
23 18 84
82 78 88
74 51 49
17 122 133
94 37 2
96 102 101
5 6 75
29 118 53
34 12 29
6 119 64
120 42 119
32 75 46
121 42 120
120 119 50
14 19 74
85 74 7
23 84 89
62 92 129
134 9 90
92 58 44
6 64 21
21 64 112
2 37 71
102 34 72
66 2 7
48 35 5
123 86 45
51 12 34
15 117 16
16 78 82
104 38 13
117 57 123
91 4 48
36 92 62
57 86 123
135 67 58
20 65 69
84 109 127
109 60 127
52 69 65
75 6 21
0 73 3
52 70 107
25 26 73
96 101 61
27 111 110
134 90 65
17 95 39
18 109 84
32 46 47
105 104 80
83 0 81
83 25 0
52 65 138
138 38 52
48 4 35
41 65 31
36 135 58
112 106 131
85 7 71
72 26 25
34 26 72
50 64 68
94 93 37
58 93 94
82 15 16
66 94 2
63 71 37
108 49 102
89 84 56
129 92 130
101 11 61
29 115 118
112 68 106
108 19 59
74 19 108
58 92 36
105 52 38
93 44 24
58 44 93
29 36 100
43 76 14
35 6 5
47 99 32
54 16 123
132 15 82
108 102 96
83 81 55
104 13 30
68 22 106
106 77 54
124 125 126
131 106 54
93 24 37
27 110 40
128 125 56
129 91 98
98 97 99
73 53 116
118 115 57
52 105 70
59 96 108
11 101 55
43 14 85
40 43 85
1 121 120
52 107 69
87 63 24
87 24 44
28 136 87
87 27 63
110 33 60
11 88 31
31 88 65
114 11 31
100 36 62
90 126 125
116 118 117
130 87 44
102 72 83
72 25 83
50 119 64
117 123 16
115 113 57
40 71 63
69 22 20
49 74 108
86 46 45
45 131 123
131 54 123
80 121 1
54 78 16
66 7 74
51 66 74
51 34 49
61 11 114
100 99 47
100 62 99
20 65 88
88 11 82
41 31 114
84 127 56
21 112 103
111 80 33
111 8 80
40 85 71
85 14 74
92 44 130
81 3 132
3 15 132
8 136 28
46 103 45
79 28 91
79 91 4
99 97 32
55 101 83
62 129 98
99 62 98
94 67 66
58 67 94
97 5 32
122 9 41
59 89 95
95 89 39
124 122 17
105 80 1
102 83 101
70 105 1
22 107 68
91 48 98
60 128 127
120 50 1
12 36 29
75 21 103
113 100 47
81 0 3
95 17 133
96 133 61
122 61 133
122 41 114
63 27 40
43 137 10
10 137 110
124 17 39
13 128 30
13 90 125
10 110 109
64 68 112
60 30 128
103 131 45
55 132 82
42 35 119
8 79 121
42 79 4
121 79 42
8 121 80
122 114 61
103 112 131
39 89 56
82 11 55
41 134 65
134 41 9
135 36 12
135 12 67
136 8 27
87 136 27
137 40 110
40 137 43
38 138 90
138 65 90
139 70 1
139 68 70

