1.00538 24.1683 1423.39
4.0145 26.8588 1426.97
3.41931 21.4488 1425.35
1.09918 24.5435 1423.39
5.9444 26.5161 1425.45
5.42084 26.8375 1424.18
5.01935 27.2994 1424.62
3.04174 21.4305 1425.57
5.01977 25.269 1427.1
0.356297 24.7752 1426.43
2.23086 22.8546 1427.23
0.318883 25.0678 1424.78
3.48695 22.3157 1423.02
1.45722 25.3971 1427.31
2.00517 21.8966 1426.42
1.49286 25.1175 1423.29
1.95479 26.2404 1423.68
0.209117 23.9066 1426.32
1.72952 22.9684 1427.19
1.15294 22.4497 1426.61
1.91184 27.0867 1425.19
4.65178 27.4175 1424.57
2.26412 27.3007 1425.35
1.38813 22.8125 1426.99
4.73548 22.126 1425.37
0.98912 23.4647 1423.4
1.4196 23.24 1423.12
4.01031 23.4195 1427.23
5.99653 24.789 1426.09
2.91835 23.2144 1422.61
2.38439 25.329 1427.65
0.363777 25.4153 1425.36
5.32648 26.602 1423.8
3.02826 25.038 1427.73
1.51366 21.9962 1423.7
5.66389 26.9366 1425.12
4.90126 23.2368 1423.03
4.31035 21.8144 1425.29
1.56784 25.9851 1427.09
0.41486 23.9038 1426.64
3.36377 22.0836 1426.51
0.368596 25.377 1425.82
5.5267 26.7847 1425.98
2.39156 22.1441 1426.72
5.40322 22.68 1425.13
3.68873 26.9527 1423.67
4.25268 26.7812 1423.51
4.85335 26.2089 1423.23
5.93762 26.4557 1424.47
1.2158 21.6392 1424.68
4.45937 27.5304 1425.81
2.4974 21.2841 1424.55
1.53273 26.7018 1426.23
1.97314 24.2379 1422.8
2.76431 27.2291 1424.37
0.461169 24.47 1424.08
1.19668 23.9155 1427.29
3.22271 25.5899 1422.79
4.804 22.0875 1424.39
0.429595 22.883 1426.23
2.31047 23.974 1427.64
0 24.224 1425.45
5.85331 24.9699 1423.45
4.1818 22.0994 1426.05
4.69474 27.5304 1425.19
0.924725 26.2604 1425.66
2.8651 21.2827 1425.01
3.67809 21.5199 1424.23
3.50232 27.6577 1425.32
1.7844 27.0148 1425.75
2.91874 27.3114 1426.42
3.5825 21.7107 1425.88
1.01435 22.6388 1423.63
1.47127 24.2956 1423.07
1.80802 21.3999 1425.33
4.89405 27.0993 1424.1
1.84266 22.413 1426.87
2.39976 27.2669 1424.83
1.65871 26.639 1424.44
5.90571 25.8731 1426.14
3.33423 26.1019 1427.49
0.735807 24.4101 1423.71
0.92838 25.3564 1423.94
0.474275 23.6649 1423.93
1.35101 23.3642 1427.23
2.71843 21.7227 1426.22
3.62684 26.3201 1423.13
5.13686 22.9075 1426.06
0.862143 26.0114 1424.78
0.798532 23.1195 1426.79
0.873426 25.4121 1426.83
6.38945 25.1607 1424.84
5.82188 23.4031 1424.02
4.68466 21.9805 1424.88
4.00673 21.5825 1424.75
0.322889 23.4013 1426.38
0.063776 23.2131 1425.55
5.73676 26.3969 1424.02
6.15085 25.6224 1424.07
5.52052 25.856 1423.41
4.606 24.6411 1422.65
0.0941334 23.9115 1424.67
0.331776 22.7352 1424.55
4.22582 27.2276 1424.03
2.11821 25.8745 1427.42
2.41754 26.701 1427
3.1146 27.521 1424.85
2.48719 27.3512 1425.95
0.529493 22.2126 1425.37
2.11612 23.3921 1427.45
3.08869 23.5234 1427.51
3.88521 24.4694 1427.57
3.91135 27.5758 1424.72
4.16923 25.6865 1422.81
0.135191 24.8527 1425.53
3.6473 24.748 1422.52
1.87594 24.82 1422.96
2.27434 25.6903 1423.11
2.68684 24.831 1422.65
5.16163 27.277 1425.58
4.8298 27.1554 1426.28
5.03477 26.3446 1426.82
0.110826 24.4985 1425.96
2.8479 26.5546 1423.48
0.346148 24.3318 1426.55
0.840543 24.516 1427.08
0.605371 24.7626 1426.8
1.71889 23.8425 1427.49
1.66124 24.6913 1427.54
6.23034 24.6397 1424.08
6.21429 24.0188 1424.79
3.51751 27.3354 1424.22
0.938564 24.9166 1423.67
0.113968 23.4694 1425.99
0.620878 25.3946 1426.33
4.14506 22.2017 1423.71
5.00286 24.1039 1426.66
2.79773 22.4688 1426.87
1.20312 26.057 1426.53
3.68944 27.4209 1426.11